43~
5~
20~
18	16	10	17	23	19	21	24	15	21	23	16	18	20	17	12	13	16	10	22	10	16	18	19	16	11	14	11	21	15	20	17	16	15	11	15	16	17	22	21	23	18	23	~
17000000000	14000000000	20000000000	19000000000	18000000000	16000000000	16000000000	12000000000	14000000000	10000000000	24000000000	19000000000	24000000000	16000000000	16000000000	18000000000	19000000000	18000000000	19000000000	12000000000	22000000000	20000000000	15000000000	15000000000	14000000000	12000000000	15000000000	23000000000	13000000000	11000000000	17000000000	11000000000	16000000000	11000000000	21000000000	15000000000	19000000000	20000000000	20000000000	21000000000	14000000000	11000000000	20000000000	~
66	98	143	101	130	~
1.000000e-10	7.000000e-11	8.000000e-11	1.000000e-10	6.000000e-11	~
16	35	20	37	34	~
6	7	1	15	20	~
0	0	1	1	1	1	1	0	0	0	0	0	0	0	0	0	0	0	0	0	0	0	0	0	0	0	0	0	0	0	0	0	0	0	1	0	0	0	0	0	0	0	0	
1	1	0	0	0	0	0	1	1	1	1	1	0	0	0	0	0	0	0	0	0	0	0	0	0	0	0	0	0	0	0	0	0	0	0	0	0	0	0	0	0	0	0	
0	0	0	0	0	0	0	0	0	0	0	0	0	0	0	0	0	0	0	0	0	0	0	0	0	0	0	0	0	0	0	0	0	0	1	0	0	0	0	0	0	0	0	
0	1	0	0	0	0	0	1	1	1	1	1	0	0	0	0	0	1	1	1	1	1	0	0	0	0	0	0	0	0	0	0	0	0	0	0	0	0	1	1	1	1	0	
0	1	1	1	1	1	1	0	0	0	0	0	1	1	1	1	1	0	0	0	0	0	1	1	1	1	0	0	0	0	1	1	1	1	1	0	0	0	0	0	0	0	0	~
0	0	2.808281e-01	3.410441e-01	3.913591e-01	3.335734e-01	3.533753e-01	0	0	0	0	0	0	0	0	0	0	0	0	0	0	0	0	0	0	0	0	0	0	0	0	0	0	0	2.998200e-01	0	0	0	0	0	0	0	0	
2.898838e-01	2.475735e-01	0	0	0	0	0	2.895420e-01	2.400547e-01	2.488038e-01	3.911141e-01	2.930280e-01	0	0	0	0	0	0	0	0	0	0	0	0	0	0	0	0	0	0	0	0	0	0	0	0	0	0	0	0	0	0	0	
0	0	0	0	0	0	0	0	0	0	0	0	0	0	0	0	0	0	0	0	0	0	0	0	0	0	0	0	0	0	0	0	0	0	2	0	0	0	0	0	0	0	0	
0	1.146081e-01	0	0	0	0	0	1.359121e-01	1.109451e-01	1.169231e-01	1.802491e-01	1.346081e-01	0	0	0	0	0	1.306081e-01	1.126300e-01	1.285861e-01	1.246300e-01	1.386081e-01	0	0	0	0	0	0	0	0	0	0	0	0	0	0	0	0	1.605861e-01	1.609231e-01	1.402491e-01	1.099341e-01	0	
0	9.131515e-02	9.137075e-02	1.095986e-01	1.247869e-01	1.065312e-01	1.126103e-01	0	0	0	0	0	1.278820e-01	1.095708e-01	1.004522e-01	9.135221e-02	9.744051e-02	0	0	0	0	0	1.004430e-01	1.034825e-01	9.131515e-02	7.002002e-02	0	0	0	0	1.126195e-01	8.520832e-02	9.741271e-02	7.912929e-02	9.745904e-02	0	0	0	0	0	0	0	0	~
0	0	32	116	116	116	116	0	0	0	0	0	0	0	0	0	0	0	0	0	0	0	0	0	0	0	0	0	0	0	0	0	0	0	69	0	0	0	0	0	0	0	0	
108	106	0	0	0	0	0	281	114	285	18	138	0	0	0	0	0	0	0	0	0	0	0	0	0	0	0	0	0	0	0	0	0	0	0	0	0	0	0	0	0	0	0	
0	0	0	0	0	0	0	0	0	0	0	0	0	0	0	0	0	0	0	0	0	0	0	0	0	0	0	0	0	0	0	0	0	0	69	0	0	0	0	0	0	0	0	
0	106	0	0	0	0	0	114	114	114	18	114	0	0	0	0	0	243	107	174	258	181	0	0	0	0	0	0	0	0	0	0	0	0	0	0	0	0	39	155	79	111	0	
0	106	32	112	112	112	112	0	0	0	0	0	158	158	158	158	158	0	0	0	0	0	145	145	145	40	0	0	0	0	22	131	62	117	49	0	0	0	0	0	0	0	0	~
