25~
5~
11~
13	22	22	21	21	11	20	17	13	11	23	12	12	20	24	18	21	12	25	18	20	10	22	21	11	~
18000000000	15000000000	18000000000	16000000000	16000000000	12000000000	14000000000	10000000000	24000000000	20000000000	24000000000	12000000000	24000000000	22000000000	19000000000	17000000000	14000000000	22000000000	13000000000	11000000000	22000000000	20000000000	21000000000	20000000000	16000000000	~
90	107	137	102	137	~
3.000000e-09	1.000000e-08	8.000000e-09	8.000000e-09	1.000000e-08	~
20	21	38	33	27	~
5	6	2	8	11	~
0	0	0	0	1	1	1	0	0	0	0	0	0	0	0	1	1	0	0	0	0	0	0	0	0	
1	1	1	1	0	0	0	1	1	0	0	0	0	0	0	0	0	0	0	0	0	0	0	0	0	
0	0	0	0	0	0	0	0	0	0	0	0	0	0	0	1	1	0	0	0	0	0	0	0	0	
0	0	1	1	0	0	0	1	1	0	0	1	0	0	0	0	0	0	0	0	1	1	1	0	0	
0	0	1	1	1	1	1	0	0	1	1	0	1	0	1	1	1	0	0	0	0	0	0	0	0	~
0	0	0	0	4.499473e-01	2.852627e-01	4.115610e-01	0	0	0	0	0	0	0	0	4.306789e-01	4.225501e-01	0	0	0	0	0	0	0	0	
2.985882e-01	3.522186e-01	3.819215e-01	3.528603e-01	0	0	0	2.564173e-01	3.579941e-01	0	0	0	0	0	0	0	0	0	0	0	0	0	0	0	0	
0	0	0	0	0	0	0	0	0	0	0	0	0	0	0	1.009926e+00	9.900744e-01	0	0	0	0	0	0	0	0	
0	0	2.864581e-01	2.651728e-01	0	0	0	1.940177e-01	2.627227e-01	0	0	1.715073e-01	0	0	0	0	0	0	0	0	2.998316e-01	2.128528e-01	3.074371e-01	0	0	
0	0	2.006266e-01	1.854154e-01	1.854154e-01	1.157772e-01	1.702042e-01	0	0	1.570144e-01	2.364564e-01	0	1.825349e-01	0	2.155852e-01	1.758642e-01	1.751061e-01	0	0	0	0	0	0	0	0	~
0	0	0	0	43	8	116	0	0	0	0	0	0	0	0	80	278	0	0	0	0	0	0	0	0	
68	196	109	109	0	0	0	56	218	0	0	0	0	0	0	0	0	0	0	0	0	0	0	0	0	
0	0	0	0	0	0	0	0	0	0	0	0	0	0	0	80	176	0	0	0	0	0	0	0	0	
0	0	182	117	0	0	0	56	114	0	0	221	0	0	0	0	0	0	0	0	193	55	14	0	0	
0	0	182	117	43	8	112	0	0	112	158	0	145	0	131	49	49	0	0	0	0	0	0	0	0	~
