21~
7~
11~
20	22	22	10	16	21	12	20	13	23	23	17	16	25	10	16	17	19	11	12	20	~
13000000000	11000000000	10000000000	12000000000	18000000000	23000000000	22000000000	12000000000	11000000000	20000000000	17000000000	17000000000	15000000000	15000000000	24000000000	17000000000	21000000000	12000000000	11000000000	13000000000	18000000000	~
72	66	54	126	146	82	91	~
5.000000e-11	8.000000e-11	6.000000e-11	9.000000e-11	7.000000e-11	8.000000e-11	8.000000e-11	~
16	10	18	25	29	33	36	~
3	4	1	6	5	5	11	~
0	0	0	0	0	0	0	0	0	0	1	1	1	0	0	0	0	0	0	0	0	
0	0	1	1	1	0	0	0	0	0	0	0	0	0	0	0	0	1	0	0	0	
0	0	0	0	0	0	0	0	0	0	0	0	0	0	0	0	0	1	0	0	0	
1	1	1	1	1	0	0	1	0	0	0	0	0	0	0	0	0	0	0	0	0	
0	0	0	0	0	0	0	0	1	1	0	0	0	1	1	1	0	0	0	0	0	
0	0	1	1	1	0	0	1	0	0	0	0	0	0	0	0	0	1	0	0	0	
0	0	1	1	1	1	1	0	0	0	1	1	1	1	1	1	0	0	0	0	0	~
0	0	0	0	0	0	0	0	0	0	7.576531e-01	6.505102e-01	5.918367e-01	0	0	0	0	0	0	0	0	
0	0	5.206659e-01	3.800230e-01	5.849598e-01	0	0	0	0	0	0	0	0	0	0	0	0	5.143513e-01	0	0	0	
0	0	0	0	0	0	0	0	0	0	0	0	0	0	0	0	0	2	0	0	0	
3.528708e-01	3.447368e-01	3.315789e-01	2.488038e-01	3.822967e-01	0	0	3.397129e-01	0	0	0	0	0	0	0	0	0	0	0	0	0	
0	0	0	0	0	0	0	0	2.758621e-01	4.942529e-01	0	0	0	4.597701e-01	3.908046e-01	3.793103e-01	0	0	0	0	0	
0	0	4.091236e-01	3.024425e-01	4.651580e-01	0	0	4.173851e-01	0	0	0	0	0	0	0	0	0	4.058908e-01	0	0	0	
0	0	1.696529e-01	1.163494e-01	1.798432e-01	2.327548e-01	1.796193e-01	0	0	0	2.118141e-01	1.798992e-01	1.640538e-01	2.119261e-01	1.795073e-01	1.745801e-01	0	0	0	0	0	~
0	0	0	0	0	0	0	0	0	0	116	116	7	0	0	0	0	0	0	0	0	
0	0	133	133	133	0	0	0	0	0	0	0	0	0	0	0	0	176	0	0	0	
0	0	0	0	0	0	0	0	0	0	0	0	0	0	0	0	0	224	0	0	0	
154	265	109	109	109	0	0	232	0	0	0	0	0	0	0	0	0	0	0	0	0	
0	0	0	0	0	0	0	0	146	118	0	0	0	176	176	138	0	0	0	0	0	
0	0	183	183	177	0	0	114	0	0	0	0	0	0	0	0	0	224	0	0	0	
0	0	187	187	177	112	112	0	0	0	145	145	131	49	49	49	0	0	0	0	0	~
