12~
6~
5~
23	20	18	20	21	11	24	10	14	12	24	11	~
19000000000	20000000000	20000000000	23000000000	10000000000	23000000000	18000000000	21000000000	13000000000	18000000000	21000000000	25000000000	~
90	85	111	86	84	124	~
1.000000e-10	2.000000e-10	7.000000e-10	1.000000e-09	8.000000e-10	1.000000e-09	~
11	19	36	39	36	26	~
2	2	3	1	4	5	~
0	0	1	0	0	0	0	0	1	0	0	0	
0	0	0	0	0	1	0	1	0	0	0	0	
1	1	0	1	0	0	0	0	0	0	0	0	
0	0	0	0	0	0	0	0	1	0	0	0	
0	1	0	1	1	0	0	0	0	0	1	0	
0	1	1	0	0	1	0	1	1	0	0	0	~
0	0	1.168561e+00	0	0	0	0	0	8.314394e-01	0	0	0	
0	0	0	0	0	1.046537e+00	0	9.534632e-01	0	0	0	0	
6.715310e-01	6.400410e-01	0	6.884281e-01	0	0	0	0	0	0	0	0	
0	0	0	0	0	0	0	0	2	0	0	0	
0	5.055644e-01	0	5.461049e-01	3.821940e-01	0	0	0	0	0	5.661367e-01	0	
0	4.801582e-01	4.527609e-01	0	0	3.877983e-01	0	3.534811e-01	3.258014e-01	0	0	0	~
0	0	69	0	0	0	0	0	86	0	0	0	
0	0	0	0	0	116	0	7	0	0	0	0	
236	82	0	97	0	0	0	0	0	0	0	0	
0	0	0	0	0	0	0	0	86	0	0	0	
0	82	0	97	249	0	0	0	0	0	239	0	
0	82	69	0	0	145	0	131	49	0	0	0	~
