62~
5~
24~
12	17	20	14	19	25	19	21	25	24	20	25	12	18	20	22	16	10	18	12	15	21	12	22	10	23	23	13	19	25	10	12	13	19	20	21	18	20	10	13	21	14	21	23	11	19	21	19	13	24	25	18	21	22	13	11	19	10	10	11	23	16	~
13000000000	15000000000	12000000000	22000000000	15000000000	15000000000	21000000000	19000000000	22000000000	15000000000	12000000000	19000000000	17000000000	16000000000	15000000000	25000000000	14000000000	19000000000	15000000000	14000000000	10000000000	20000000000	24000000000	16000000000	23000000000	25000000000	16000000000	13000000000	12000000000	14000000000	23000000000	18000000000	23000000000	11000000000	19000000000	19000000000	14000000000	10000000000	14000000000	23000000000	24000000000	25000000000	10000000000	21000000000	11000000000	20000000000	22000000000	23000000000	19000000000	14000000000	22000000000	12000000000	14000000000	10000000000	16000000000	10000000000	23000000000	13000000000	23000000000	10000000000	13000000000	10000000000	~
91	133	129	145	144	~
9.000000e-11	1.000000e-10	9.000000e-11	6.000000e-11	5.000000e-11	~
14	29	28	38	21	~
16	16	5	24	17	~
1	1	1	1	1	1	1	1	1	0	0	0	0	0	0	0	0	0	0	0	0	0	0	0	0	0	0	0	0	0	0	0	0	0	0	0	0	0	0	0	0	0	0	0	0	0	0	0	0	0	0	0	0	0	0	1	1	1	1	1	1	1	
1	1	1	1	1	1	1	1	1	1	1	1	1	1	0	1	1	0	0	0	0	0	0	0	0	0	0	0	0	0	0	0	0	0	0	0	0	0	0	0	0	0	0	0	0	0	0	0	0	0	0	0	0	0	0	0	0	0	0	0	0	0	
0	0	0	0	0	0	0	0	0	0	0	0	0	0	0	0	0	1	1	1	0	0	0	0	0	0	0	0	0	0	0	0	0	0	0	0	0	0	0	0	0	0	0	0	0	1	1	0	0	0	0	0	0	0	0	0	0	0	0	0	0	0	
0	0	0	0	0	0	0	0	0	1	1	1	1	1	0	1	1	0	0	0	0	1	1	1	1	1	1	1	1	1	0	0	0	0	0	0	0	0	0	0	0	0	0	0	0	0	0	1	1	1	1	1	1	1	1	0	0	0	0	0	0	0	
0	0	0	0	0	0	0	0	0	1	1	1	1	1	1	0	0	0	0	0	1	0	0	0	0	0	0	0	0	0	1	1	0	0	0	0	0	0	0	1	1	1	1	1	1	1	1	0	0	0	0	0	0	0	0	0	0	0	0	0	0	0	~
9.489890e-02	1.210938e-01	1.204044e-01	1.374081e-01	1.284467e-01	1.505055e-01	1.518842e-01	1.514246e-01	1.778493e-01	0	0	0	0	0	0	0	0	0	0	0	0	0	0	0	0	0	0	0	0	0	0	0	0	0	0	0	0	0	0	0	0	0	0	0	0	0	0	0	0	0	0	0	0	0	0	7.950368e-02	1.596967e-01	8.754596e-02	1.266085e-01	7.950368e-02	1.353401e-01	9.788603e-02	
8.662907e-02	1.101632e-01	1.088426e-01	1.261898e-01	1.166357e-01	1.360532e-01	1.386946e-01	1.378141e-01	1.617885e-01	1.328170e-01	1.088426e-01	1.507591e-01	1.013350e-01	1.170760e-01	0	1.631092e-01	1.032505e-01	0	0	0	0	0	0	0	0	0	0	0	0	0	0	0	0	0	0	0	0	0	0	0	0	0	0	0	0	0	0	0	0	0	0	0	0	0	0	0	0	0	0	0	0	0	
0	0	0	0	0	0	0	0	0	0	0	0	0	0	0	0	0	3.361111e-01	3.916667e-01	3.055556e-01	0	0	0	0	0	0	0	0	0	0	0	0	0	0	0	0	0	0	0	0	0	0	0	0	0	4.597222e-01	5.069444e-01	0	0	0	0	0	0	0	0	0	0	0	0	0	0	0	
0	0	0	0	0	0	0	0	0	8.867026e-02	7.267534e-02	1.005765e-01	6.744949e-02	7.805988e-02	0	1.086533e-01	6.884587e-02	0	0	0	0	9.431397e-02	8.448112e-02	8.675553e-02	7.770020e-02	1.108273e-01	8.892944e-02	5.989104e-02	7.050143e-02	8.841109e-02	0	0	0	0	0	0	0	0	0	0	0	0	0	0	0	0	0	9.726542e-02	7.448958e-02	8.623717e-02	1.078758e-01	6.832752e-02	7.971543e-02	7.215699e-02	6.719031e-02	0	0	0	0	0	0	0	
0	0	0	0	0	0	0	0	0	1.301014e-01	1.067567e-01	1.467350e-01	9.661218e-02	1.133568e-01	1.167235e-01	0	0	0	0	0	8.338982e-02	0	0	0	0	0	0	0	0	0	1.098568e-01	9.993444e-02	0	0	0	0	0	0	0	1.198902e-01	1.499683e-01	1.298792e-01	1.034567e-01	1.466905e-01	7.333415e-02	1.299903e-01	1.433238e-01	0	0	0	0	0	0	0	0	0	0	0	0	0	0	0	~
51	23	52	52	52	52	52	52	52	0	0	0	0	0	0	0	0	0	0	0	0	0	0	0	0	0	0	0	0	0	0	0	0	0	0	0	0	0	0	0	0	0	0	0	0	0	0	0	0	0	0	0	0	0	0	49	72	235	35	126	181	67	
51	23	213	275	121	80	273	214	270	109	109	109	109	109	0	191	213	0	0	0	0	0	0	0	0	0	0	0	0	0	0	0	0	0	0	0	0	0	0	0	0	0	0	0	0	0	0	0	0	0	0	0	0	0	0	0	0	0	0	0	0	0	
0	0	0	0	0	0	0	0	0	0	0	0	0	0	0	0	0	152	158	167	0	0	0	0	0	0	0	0	0	0	0	0	0	0	0	0	0	0	0	0	0	0	0	0	0	172	176	0	0	0	0	0	0	0	0	0	0	0	0	0	0	0	
0	0	0	0	0	0	0	0	0	183	183	183	125	183	0	114	114	0	0	0	0	272	223	189	229	92	70	199	280	244	0	0	0	0	0	0	0	0	0	0	0	0	0	0	0	0	0	43	101	295	267	16	261	81	136	0	0	0	0	0	0	0	
0	0	0	0	0	0	0	0	0	187	187	187	125	187	112	0	0	0	0	0	21	0	0	0	0	0	0	0	0	0	111	88	0	0	0	0	0	0	0	30	64	107	100	131	35	49	49	0	0	0	0	0	0	0	0	0	0	0	0	0	0	0	~
