22~
6~
10~
24	10	21	15	14	20	24	24	25	11	12	25	11	20	24	12	24	10	15	13	25	23	~
22000000000	24000000000	22000000000	23000000000	15000000000	21000000000	20000000000	14000000000	15000000000	24000000000	10000000000	21000000000	13000000000	23000000000	13000000000	11000000000	19000000000	11000000000	22000000000	24000000000	15000000000	14000000000	~
65	80	80	115	150	132	~
9.000000e-11	6.000000e-11	9.000000e-11	5.000000e-11	8.000000e-11	1.000000e-10	~
12	15	27	31	21	28	~
8	5	5	3	6	10	~
0	1	1	1	0	0	0	0	0	0	0	1	1	1	0	0	0	0	1	1	0	0	
0	0	0	0	0	0	0	0	1	1	1	0	0	0	1	1	0	0	0	0	0	0	
1	1	1	1	0	1	0	0	0	0	0	0	0	0	0	0	0	0	0	0	0	0	
0	0	0	0	0	0	1	1	0	0	0	0	0	0	0	0	1	0	0	0	0	0	
0	1	1	1	0	1	0	0	0	0	0	0	0	0	0	0	0	0	1	1	0	0	
0	1	1	1	1	0	0	0	1	1	1	0	0	0	1	1	1	0	0	0	0	0	~
0	2.164580e-01	2.894454e-01	2.491055e-01	0	0	0	0	0	0	0	3.144007e-01	1.601968e-01	2.875671e-01	0	0	0	0	2.432916e-01	2.395349e-01	0	0	
0	0	0	0	0	0	0	0	5.030985e-01	4.597195e-01	2.798434e-01	0	0	0	4.637965e-01	2.935421e-01	0	0	0	0	0	0	
4.630952e-01	3.253968e-01	4.297619e-01	3.720238e-01	0	4.097222e-01	0	0	0	0	0	0	0	0	0	0	0	0	0	0	0	0	
0	0	0	0	0	0	7.106918e-01	5.974843e-01	0	0	0	0	0	0	0	0	6.918239e-01	0	0	0	0	0	
0	2.828536e-01	3.851690e-01	3.286921e-01	0	3.671777e-01	0	0	0	0	0	0	0	0	0	0	0	0	3.213392e-01	3.147685e-01	0	0	
0	1.958874e-01	2.500000e-01	2.199675e-01	1.685606e-01	0	0	0	2.340368e-01	2.018398e-01	1.282468e-01	0	0	0	2.167208e-01	1.339286e-01	2.508117e-01	0	0	0	0	0	~
0	133	133	119	0	0	0	0	0	0	0	197	197	116	0	0	0	0	133	172	0	0	
0	0	0	0	0	0	0	0	116	116	116	0	0	0	17	17	0	0	0	0	0	0	
262	109	109	109	0	141	0	0	0	0	0	0	0	0	0	0	0	0	0	0	0	0	
0	0	0	0	0	0	167	167	0	0	0	0	0	0	0	0	176	0	0	0	0	0	
0	175	183	119	0	114	0	0	0	0	0	0	0	0	0	0	0	0	133	172	0	0	
0	175	187	119	112	0	0	0	158	134	158	0	0	0	108	131	49	0	0	0	0	0	~
