23~
6~
8~
18	14	24	11	22	12	21	13	13	13	25	16	20	10	13	23	17	10	17	23	23	14	13	~
23000000000	17000000000	18000000000	12000000000	12000000000	24000000000	25000000000	16000000000	23000000000	25000000000	24000000000	23000000000	20000000000	12000000000	13000000000	16000000000	10000000000	14000000000	25000000000	15000000000	19000000000	19000000000	24000000000	~
81	85	108	129	94	84	~
7.000000e-11	9.000000e-11	6.000000e-11	8.000000e-11	6.000000e-11	9.000000e-11	~
10	15	33	40	24	32	~
5	8	5	3	6	8	~
0	0	1	0	0	0	0	0	0	0	0	0	0	0	1	0	0	0	0	1	1	1	0	
0	0	1	1	1	1	0	0	1	1	1	0	0	0	0	1	0	0	0	0	0	0	0	
1	1	1	0	0	0	1	1	0	0	0	0	0	0	0	0	0	0	0	0	0	0	0	
0	0	0	0	0	0	0	0	1	1	1	0	0	0	0	0	0	0	0	0	0	0	0	
0	0	1	0	0	0	1	1	0	0	0	0	0	0	0	0	0	0	0	1	1	1	0	
0	0	1	1	1	1	0	0	0	0	0	1	1	1	0	1	0	0	0	0	0	0	0	~
0	0	4.617084e-01	0	0	0	0	0	0	0	0	0	0	0	2.887825e-01	0	0	0	0	4.156848e-01	4.633039e-01	3.705204e-01	0	
0	0	2.847153e-01	1.548452e-01	2.317682e-01	2.397602e-01	0	0	2.402597e-01	2.532468e-01	3.306693e-01	0	0	0	0	2.647353e-01	0	0	0	0	0	0	0	
4.323232e-01	3.272727e-01	4.484848e-01	0	0	0	4.858586e-01	3.060606e-01	0	0	0	0	0	0	0	0	0	0	0	0	0	0	0	
0	0	0	0	0	0	0	0	5.743464e-01	6.021242e-01	8.235294e-01	0	0	0	0	0	0	0	0	0	0	0	0	
0	0	3.641041e-01	0	0	0	4.011804e-01	2.530266e-01	0	0	0	0	0	0	0	0	0	0	0	3.288438e-01	3.645581e-01	2.882869e-01	0	
0	0	3.052999e-01	1.673014e-01	2.470115e-01	2.621390e-01	0	0	0	0	0	2.838252e-01	2.909129e-01	1.600550e-01	0	2.834550e-01	0	0	0	0	0	0	0	~
0	0	133	0	0	0	0	0	0	0	0	0	0	0	197	0	0	0	0	157	176	118	0	
0	0	2	125	125	125	0	0	153	195	132	0	0	0	0	107	0	0	0	0	0	0	0	
270	108	109	0	0	0	294	186	0	0	0	0	0	0	0	0	0	0	0	0	0	0	0	
0	0	0	0	0	0	0	0	153	167	132	0	0	0	0	0	0	0	0	0	0	0	0	
0	0	166	0	0	0	114	114	0	0	0	0	0	0	0	0	0	0	0	157	251	118	0	
0	0	166	112	112	112	0	0	0	0	0	131	145	145	0	131	0	0	0	0	0	0	0	~
