37~
6~
13~
16	18	13	16	15	15	15	11	18	23	15	17	11	19	18	15	23	15	17	13	22	14	18	18	23	25	10	25	20	11	13	15	16	22	24	20	25	~
22000000000	18000000000	23000000000	23000000000	12000000000	22000000000	19000000000	16000000000	23000000000	10000000000	11000000000	25000000000	16000000000	18000000000	24000000000	15000000000	20000000000	21000000000	13000000000	18000000000	17000000000	19000000000	18000000000	18000000000	14000000000	24000000000	24000000000	22000000000	25000000000	18000000000	11000000000	20000000000	13000000000	23000000000	25000000000	11000000000	14000000000	~
79	79	136	111	114	82	~
8.000000e-11	1.000000e-10	9.000000e-11	5.000000e-11	9.000000e-11	6.000000e-11	~
12	19	40	40	26	35	~
4	11	8	5	8	13	~
0	0	0	0	0	0	0	0	0	0	0	0	0	0	1	1	1	1	0	0	0	0	0	0	0	0	0	0	0	0	0	0	0	0	0	0	0	
0	0	0	0	0	1	1	1	0	0	0	0	0	0	1	1	1	1	0	0	0	0	0	1	1	1	1	0	0	0	0	0	0	0	0	0	0	
1	1	1	1	1	0	0	0	1	1	1	0	0	0	0	0	0	0	0	0	0	0	0	0	0	0	0	0	0	0	0	0	0	0	0	0	0	
0	0	0	0	0	0	0	0	0	0	0	1	0	0	0	0	0	0	0	0	0	0	0	1	1	1	1	0	0	0	0	0	0	0	0	0	0	
0	0	0	1	1	0	0	0	1	1	1	0	1	1	0	0	0	0	0	0	0	0	0	0	0	0	0	0	0	0	0	0	1	0	0	0	0	
0	0	0	1	1	1	1	1	0	0	0	0	0	0	1	1	1	1	0	0	0	0	0	1	1	1	1	0	0	0	0	0	0	0	0	0	0	~
0	0	0	0	0	0	0	0	0	0	0	0	0	0	5.535211e-01	3.987676e-01	5.739437e-01	4.737676e-01	0	0	0	0	0	0	0	0	0	0	0	0	0	0	0	0	0	0	0	
0	0	0	0	0	1.811697e-01	1.673448e-01	1.322434e-01	0	0	0	0	0	0	2.063438e-01	1.489117e-01	2.145063e-01	1.765614e-01	0	0	0	0	0	1.786940e-01	1.868566e-01	2.435778e-01	1.637906e-01	0	0	0	0	0	0	0	0	0	0	
2.743326e-01	2.610889e-01	2.589868e-01	2.813748e-01	1.964473e-01	0	0	0	2.963002e-01	2.420643e-01	1.894051e-01	0	0	0	0	0	0	0	0	0	0	0	0	0	0	0	0	0	0	0	0	0	0	0	0	0	0	
0	0	0	0	0	0	0	0	0	0	0	4.208909e-01	0	0	0	0	0	0	0	0	0	0	0	3.649770e-01	3.806452e-01	4.973886e-01	3.360983e-01	0	0	0	0	0	0	0	0	0	0	
0	0	0	3.028404e-01	2.080201e-01	0	0	0	3.178780e-01	2.522974e-01	2.000835e-01	0	2.096909e-01	2.857143e-01	0	0	0	0	0	0	0	0	0	0	0	0	0	0	0	0	0	0	2.234754e-01	0	0	0	0	
0	0	0	1.643292e-01	1.161122e-01	1.557947e-01	1.438900e-01	1.137204e-01	0	0	0	0	0	0	1.774299e-01	1.280170e-01	1.843879e-01	1.518265e-01	0	0	0	0	0	1.536204e-01	1.605784e-01	2.093933e-01	1.409002e-01	0	0	0	0	0	0	0	0	0	0	~
0	0	0	0	0	0	0	0	0	0	0	0	0	0	116	91	116	116	0	0	0	0	0	0	0	0	0	0	0	0	0	0	0	0	0	0	0	
0	0	0	0	0	212	212	81	0	0	0	0	0	0	17	17	17	17	0	0	0	0	0	107	107	107	10	0	0	0	0	0	0	0	0	0	0	
201	39	178	109	109	0	0	0	21	144	44	0	0	0	0	0	0	0	0	0	0	0	0	0	0	0	0	0	0	0	0	0	0	0	0	0	0	
0	0	0	0	0	0	0	0	0	0	0	57	0	0	0	0	0	0	0	0	0	0	0	176	176	176	10	0	0	0	0	0	0	0	0	0	0	
0	0	0	183	183	0	0	0	21	114	44	0	132	203	0	0	0	0	0	0	0	0	0	0	0	0	0	0	0	0	0	0	109	0	0	0	0	
0	0	0	187	187	112	112	81	0	0	0	0	0	0	145	91	145	145	0	0	0	0	0	49	49	49	10	0	0	0	0	0	0	0	0	0	0	~
