42~
5~
17~
14	19	22	25	22	19	17	12	13	21	25	20	24	13	20	15	10	23	16	11	24	16	19	13	20	15	17	16	15	14	22	13	25	24	14	13	14	13	13	16	23	19	~
13000000000	22000000000	25000000000	12000000000	23000000000	13000000000	16000000000	15000000000	16000000000	15000000000	11000000000	20000000000	10000000000	13000000000	17000000000	14000000000	16000000000	19000000000	10000000000	24000000000	23000000000	11000000000	12000000000	10000000000	19000000000	21000000000	22000000000	13000000000	25000000000	17000000000	10000000000	12000000000	15000000000	24000000000	10000000000	15000000000	20000000000	23000000000	10000000000	22000000000	10000000000	14000000000	~
87	99	144	122	115	~
5.000000e-11	5.000000e-11	1.000000e-10	8.000000e-11	5.000000e-11	~
15	25	20	34	20	~
6	8	7	12	17	~
1	1	1	0	0	0	0	0	0	0	0	0	0	0	0	0	0	0	0	0	0	0	0	0	0	0	0	0	0	0	0	0	0	0	0	0	0	0	0	1	1	1	
1	1	1	1	0	0	1	1	1	1	0	0	0	0	0	0	0	0	0	0	0	0	0	0	0	0	0	0	0	0	0	0	0	0	0	0	0	0	0	0	0	0	
0	0	0	0	0	0	0	0	0	0	1	1	1	1	1	0	0	0	0	0	0	0	0	0	0	0	0	0	0	0	0	0	0	1	1	0	0	0	0	0	0	0	
0	0	0	1	0	0	1	1	1	1	0	0	0	0	0	0	0	0	0	1	1	1	0	0	0	0	0	0	0	0	0	0	0	0	0	1	1	1	1	0	0	0	
0	0	0	1	1	1	0	0	0	0	0	0	0	0	0	1	1	1	1	0	0	0	1	1	1	1	1	0	0	0	1	1	1	1	1	0	0	0	0	0	0	0	~
2.465353e-01	3.756888e-01	4.305393e-01	0	0	0	0	0	0	0	0	0	0	0	0	0	0	0	0	0	0	0	0	0	0	0	0	0	0	0	0	0	0	0	0	0	0	0	0	3.491401e-01	2.978794e-01	3.002171e-01	
1.949170e-01	2.970462e-01	3.404133e-01	2.643774e-01	0	0	2.382841e-01	1.958564e-01	2.103121e-01	2.587934e-01	0	0	0	0	0	0	0	0	0	0	0	0	0	0	0	0	0	0	0	0	0	0	0	0	0	0	0	0	0	0	0	0	
0	0	0	0	0	0	0	0	0	0	2.833333e-01	3.333333e-01	2.666667e-01	2.166667e-01	3.047619e-01	0	0	0	0	0	0	0	0	0	0	0	0	0	0	0	0	0	0	4.000000e-01	1.952381e-01	0	0	0	0	0	0	0	
0	0	0	1.902083e-01	0	0	1.685417e-01	1.375000e-01	1.477083e-01	1.843750e-01	0	0	0	0	0	0	0	0	0	1.772917e-01	2.400000e-01	1.383333e-01	0	0	0	0	0	0	0	0	0	0	0	0	0	1.427083e-01	1.729167e-01	1.827083e-01	1.177083e-01	0	0	0	
0	0	0	1.259297e-01	1.582991e-01	1.105158e-01	0	0	0	0	0	0	0	0	0	1.015120e-01	9.311998e-02	1.462370e-01	8.944999e-02	0	0	0	1.066990e-01	7.983461e-02	1.366216e-01	1.282296e-01	1.384566e-01	0	0	0	1.086808e-01	8.746819e-02	1.373801e-01	1.685261e-01	8.303973e-02	0	0	0	0	0	0	0	~
52	52	52	0	0	0	0	0	0	0	0	0	0	0	0	0	0	0	0	0	0	0	0	0	0	0	0	0	0	0	0	0	0	0	0	0	0	0	0	204	242	242	
149	91	181	93	0	0	174	117	118	16	0	0	0	0	0	0	0	0	0	0	0	0	0	0	0	0	0	0	0	0	0	0	0	0	0	0	0	0	0	0	0	0	
0	0	0	0	0	0	0	0	0	0	167	167	167	167	81	0	0	0	0	0	0	0	0	0	0	0	0	0	0	0	0	0	0	69	176	0	0	0	0	0	0	0	
0	0	0	93	0	0	114	114	114	16	0	0	0	0	0	0	0	0	0	135	14	30	0	0	0	0	0	0	0	0	0	0	0	0	0	293	132	81	149	0	0	0	
0	0	0	93	112	11	0	0	0	0	0	0	0	0	0	68	116	158	46	0	0	0	145	145	145	145	145	0	0	0	131	131	131	49	49	0	0	0	0	0	0	0	~
