49~
6~
24~
14	15	11	18	19	21	10	12	17	15	25	24	25	13	12	19	19	21	14	16	15	12	11	18	15	25	21	19	21	25	16	24	24	23	10	15	14	20	12	15	23	14	10	25	19	13	17	21	18	~
17000000000	19000000000	12000000000	22000000000	23000000000	17000000000	22000000000	16000000000	21000000000	12000000000	18000000000	20000000000	12000000000	11000000000	15000000000	17000000000	22000000000	12000000000	24000000000	13000000000	16000000000	16000000000	25000000000	12000000000	24000000000	18000000000	15000000000	24000000000	18000000000	17000000000	22000000000	15000000000	25000000000	18000000000	22000000000	20000000000	13000000000	23000000000	23000000000	10000000000	19000000000	14000000000	21000000000	17000000000	22000000000	18000000000	19000000000	13000000000	15000000000	~
95	100	101	140	149	124	~
5.000000e-11	9.000000e-11	8.000000e-11	9.000000e-11	7.000000e-11	7.000000e-11	~
13	10	27	37	40	30	~
8	7	8	10	14	24	~
1	1	1	1	1	1	1	1	0	0	0	0	0	0	0	0	0	0	0	0	0	0	0	0	0	0	0	0	0	0	0	0	0	0	0	0	0	0	0	0	0	0	0	0	0	0	0	0	0	
1	1	1	0	0	0	0	0	0	0	0	0	0	0	0	0	0	0	0	0	0	0	0	0	0	0	0	0	0	0	0	0	0	0	0	0	0	0	0	0	0	0	0	0	0	1	1	1	1	
1	1	1	1	1	1	1	1	0	0	0	0	0	0	0	0	0	0	0	0	0	0	0	0	0	0	0	0	0	0	0	0	0	0	0	0	0	0	0	0	0	0	0	0	0	0	0	0	0	
0	0	0	0	0	0	0	0	0	0	0	0	1	1	1	1	1	0	0	0	0	0	0	0	0	0	0	0	0	0	0	0	0	0	0	1	1	1	1	1	0	0	0	0	0	0	0	0	0	
0	0	0	1	1	1	1	1	0	0	0	0	0	0	0	0	0	0	0	0	0	0	1	1	1	1	0	0	0	0	0	0	0	0	0	0	0	0	0	0	1	1	1	1	1	0	0	0	0	
0	0	0	1	1	1	1	1	1	1	1	1	0	0	0	0	0	1	1	1	1	1	0	0	0	0	1	1	1	1	0	0	0	0	1	1	1	1	1	1	0	0	0	0	0	0	0	0	0	~
2.315315e-01	2.533784e-01	1.727477e-01	2.986486e-01	3.137387e-01	2.898649e-01	2.319820e-01	2.081081e-01	0	0	0	0	0	0	0	0	0	0	0	0	0	0	0	0	0	0	0	0	0	0	0	0	0	0	0	0	0	0	0	0	0	0	0	0	0	0	0	0	0	
2.788828e-01	3.057563e-01	2.071121e-01	0	0	0	0	0	0	0	0	0	0	0	0	0	0	0	0	0	0	0	0	0	0	0	0	0	0	0	0	0	0	0	0	0	0	0	0	0	0	0	0	0	0	2.785581e-01	3.241049e-01	3.077048e-01	2.978810e-01	
2.315315e-01	2.533784e-01	1.727477e-01	2.986486e-01	3.137387e-01	2.898649e-01	2.319820e-01	2.081081e-01	0	0	0	0	0	0	0	0	0	0	0	0	0	0	0	0	0	0	0	0	0	0	0	0	0	0	0	0	0	0	0	0	0	0	0	0	0	0	0	0	0	
0	0	0	0	0	0	0	0	0	0	0	0	2.247282e-01	1.455334e-01	1.635322e-01	2.182633e-01	2.483838e-01	0	0	0	0	0	0	0	0	0	0	0	0	0	0	0	0	0	0	2.119453e-01	1.636791e-01	2.605054e-01	2.117249e-01	1.517044e-01	0	0	0	0	0	0	0	0	0	
0	0	0	1.558824e-01	1.637255e-01	1.500000e-01	1.225490e-01	1.088235e-01	0	0	0	0	0	0	0	0	0	0	0	0	0	0	1.377451e-01	1.191176e-01	1.507353e-01	1.703431e-01	0	0	0	0	0	0	0	0	0	0	0	0	0	0	1.656863e-01	1.098039e-01	1.188725e-01	1.666667e-01	1.600490e-01	0	0	0	0	
0	0	0	9.413887e-02	9.886029e-02	8.999649e-02	7.467415e-02	6.581035e-02	8.941745e-02	6.395630e-02	1.020172e-01	1.041608e-01	0	0	0	0	0	7.855484e-02	8.898317e-02	6.867772e-02	7.310962e-02	6.581035e-02	0	0	0	0	8.541983e-02	1.011486e-01	9.228482e-02	9.972885e-02	0	0	0	0	7.467415e-02	8.226294e-02	6.381154e-02	1.012934e-01	8.182866e-02	5.937965e-02	0	0	0	0	0	0	0	0	0	~
60	60	60	101	101	101	101	101	0	0	0	0	0	0	0	0	0	0	0	0	0	0	0	0	0	0	0	0	0	0	0	0	0	0	0	0	0	0	0	0	0	0	0	0	0	0	0	0	0	
52	52	52	0	0	0	0	0	0	0	0	0	0	0	0	0	0	0	0	0	0	0	0	0	0	0	0	0	0	0	0	0	0	0	0	0	0	0	0	0	0	0	0	0	0	242	242	114	242	
275	215	137	109	109	109	109	109	0	0	0	0	0	0	0	0	0	0	0	0	0	0	0	0	0	0	0	0	0	0	0	0	0	0	0	0	0	0	0	0	0	0	0	0	0	0	0	0	0	
0	0	0	0	0	0	0	0	0	0	0	0	53	167	30	167	167	0	0	0	0	0	0	0	0	0	0	0	0	0	0	0	0	0	0	176	119	69	176	101	0	0	0	0	0	0	0	0	0	
0	0	0	183	183	183	159	183	0	0	0	0	0	0	0	0	0	0	0	0	0	0	74	244	82	294	0	0	0	0	0	0	0	0	0	0	0	0	0	0	44	268	211	283	131	0	0	0	0	
0	0	0	187	187	187	159	187	27	112	100	66	0	0	0	0	0	13	11	158	145	158	0	0	0	0	145	145	145	145	0	0	0	0	131	49	49	49	49	49	0	0	0	0	0	0	0	0	0	~
