90~
4~
6~
24	
22	
21	
10	
11	
11	
22	
25	
20	
12	
21	
11	
11	
20	
15	
20	
21	
19	
21	
13	
21	
25	
23	
11	
15	
15	
20	
19	
22	
15	
13	
11	
22	
13	
16	
18	
13	
20	
17	
12	
22	
11	
14	
13	
18	
11	
16	
11	
11	
22	
14	
19	
25	
16	
21	
22	
16	
20	
11	
24	
12	
14	
22	
17	
22	
16	
14	
10	
20	
16	
17	
19	
10	
15	
22	
21	
12	
12	
11	
10	
16	
20	
21	
18	
11	
20	
12	
12	
11	
12	~
1200000000	
1300000000	
1500000000	
1500000000	
1300000000	
1400000000	
2400000000	
2100000000	
1800000000	
1200000000	
1300000000	
1100000000	
2400000000	
2100000000	
1800000000	
1500000000	
1200000000	
1900000000	
2500000000	
1200000000	
1400000000	
1600000000	
1100000000	
2000000000	
1600000000	
2500000000	
1600000000	
1900000000	
1200000000	
1600000000	
1200000000	
2200000000	
2300000000	
1500000000	
2000000000	
1400000000	
1800000000	
2300000000	
1900000000	
1500000000	
1400000000	
1700000000	
1600000000	
1500000000	
1800000000	
2100000000	
1600000000	
1600000000	
1100000000	
1000000000	
1400000000	
1500000000	
2000000000	
2500000000	
2400000000	
1700000000	
1300000000	
2200000000	
2200000000	
2100000000	
2100000000	
1100000000	
2000000000	
1700000000	
1300000000	
1100000000	
2300000000	
1200000000	
1200000000	
2000000000	
2400000000	
1800000000	
2100000000	
1200000000	
2500000000	
1800000000	
2000000000	
1000000000	
2200000000	
2100000000	
1100000000	
1800000000	
1500000000	
1800000000	
1600000000	
1600000000	
1200000000	
1400000000	
1000000000	
2400000000	~
324	
333	
367	
412	~
1.130000e-10	
1.030000e-10	
1.940000e-10	
1.300000e-10	~
20	
37	
31	
37	~
1	
1	
2	
6	~
0	0	0	0	0	0	0	0	0	0	0	0	0	0	0	0	0	0	0	0	0	0	0	0	0	0	0	0	0	0	0	0	0	0	0	0	0	0	0	0	0	0	0	0	0	0	0	0	0	0	0	0	0	0	0	0	0	0	0	0	0	0	0	0	0	0	0	0	0	1	0	0	0	0	0	0	0	0	0	0	0	0	0	0	0	0	0	0	0	0	
0	0	0	0	0	0	0	0	0	0	0	0	0	0	0	0	0	0	0	0	0	0	0	0	0	0	0	0	0	0	0	0	0	0	0	0	0	0	0	0	0	0	0	0	0	0	0	0	0	0	0	0	0	0	0	0	0	0	0	0	0	0	0	0	0	0	0	0	0	0	0	0	0	0	0	0	0	0	0	0	0	0	0	0	0	0	0	1	0	0	
0	0	0	0	0	0	0	0	0	0	0	0	0	0	0	0	0	0	0	0	0	0	0	0	0	0	0	0	0	0	0	0	0	0	1	0	0	0	0	0	0	0	0	0	0	0	0	0	0	0	0	0	0	0	0	0	0	0	0	0	0	0	0	0	0	0	0	0	0	1	0	0	0	0	0	0	0	0	0	0	0	0	0	0	0	0	0	0	0	0	
0	0	0	0	0	0	0	0	0	0	0	0	0	0	0	0	0	0	0	0	0	0	0	1	0	0	0	0	0	0	0	0	1	0	0	0	0	0	0	0	0	0	0	1	0	0	0	0	0	0	0	0	0	0	0	0	0	0	0	0	0	0	0	0	0	0	0	0	0	0	0	0	0	0	0	1	0	0	0	0	0	0	0	0	1	0	0	1	0	0	~
0	0	0	0	0	0	0	0	0	0	0	0	0	0	0	0	0	0	0	0	0	0	0	0	0	0	0	0	0	0	0	0	0	0	0	0	0	0	0	0	0	0	0	0	0	0	0	0	0	0	0	0	0	0	0	0	0	0	0	0	0	0	0	0	0	0	0	0	0	2	0	0	0	0	0	0	0	0	0	0	0	0	0	0	0	0	0	0	0	0	
0	0	0	0	0	0	0	0	0	0	0	0	0	0	0	0	0	0	0	0	0	0	0	0	0	0	0	0	0	0	0	0	0	0	0	0	0	0	0	0	0	0	0	0	0	0	0	0	0	0	0	0	0	0	0	0	0	0	0	0	0	0	0	0	0	0	0	0	0	0	0	0	0	0	0	0	0	0	0	0	0	0	0	0	0	0	0	2	0	0	
0	0	0	0	0	0	0	0	0	0	0	0	0	0	0	0	0	0	0	0	0	0	0	0	0	0	0	0	0	0	0	0	0	0	2	0	0	0	0	0	0	0	0	0	0	0	0	0	0	0	0	0	0	0	0	0	0	0	0	0	0	0	0	0	0	0	0	0	0	2	0	0	0	0	0	0	0	0	0	0	0	0	0	0	0	0	0	0	0	0	
0	0	0	0	0	0	0	0	0	0	0	0	0	0	0	0	0	0	0	0	0	0	0	1.865409e+00	0	0	0	0	0	0	0	0	2.768553e+00	0	0	0	0	0	0	0	0	0	0	1.715723e+00	0	0	0	0	0	0	0	0	0	0	0	0	0	0	0	0	0	0	0	0	0	0	0	0	0	0	0	0	0	0	0	2.418868e+00	0	0	0	0	0	0	0	0	1.638994e+00	0	0	1.592453e+00	0	0	~
0	0	0	0	0	0	0	0	0	0	0	0	0	0	0	0	0	0	0	0	0	0	0	0	0	0	0	0	0	0	0	0	0	0	0	0	0	0	0	0	0	0	0	0	0	0	0	0	0	0	0	0	0	0	0	0	0	0	0	0	0	0	0	0	0	0	0	0	0	149	0	0	0	0	0	0	0	0	0	0	0	0	0	0	0	0	0	0	0	0	
0	0	0	0	0	0	0	0	0	0	0	0	0	0	0	0	0	0	0	0	0	0	0	0	0	0	0	0	0	0	0	0	0	0	0	0	0	0	0	0	0	0	0	0	0	0	0	0	0	0	0	0	0	0	0	0	0	0	0	0	0	0	0	0	0	0	0	0	0	0	0	0	0	0	0	0	0	0	0	0	0	0	0	0	0	0	0	22	0	0	
0	0	0	0	0	0	0	0	0	0	0	0	0	0	0	0	0	0	0	0	0	0	0	0	0	0	0	0	0	0	0	0	0	0	177	0	0	0	0	0	0	0	0	0	0	0	0	0	0	0	0	0	0	0	0	0	0	0	0	0	0	0	0	0	0	0	0	0	0	6	0	0	0	0	0	0	0	0	0	0	0	0	0	0	0	0	0	0	0	0	
0	0	0	0	0	0	0	0	0	0	0	0	0	0	0	0	0	0	0	0	0	0	0	112	0	0	0	0	0	0	0	0	158	0	0	0	0	0	0	0	0	0	0	131	0	0	0	0	0	0	0	0	0	0	0	0	0	0	0	0	0	0	0	0	0	0	0	0	0	0	0	0	0	0	0	160	0	0	0	0	0	0	0	0	207	0	0	225	0	0	~
